{
  "layers": [
    0,
    15,
    31
  ],
  "explained_variance": {
    "0": [
      0.24213171721574303,
      0.09666220815640465,
      0.08119461879023496
    ],
    "15": [
      0.09923542567975878,
      0.06161354463215056,
      0.04761041407806343
    ],
    "31": [
      0.1734181281510955,
      0.06639103160901848,
      0.06101218271717021
    ]
  },
  "eigenvalues": {
    "0": [
      0.006532838507840847,
      0.0026079961888447307,
      0.002190672656856774
    ],
    "15": [
      0.2415311819543989,
      0.1499624973386783,
      0.11587998445960782
    ],
    "31": [
      1.5232830420250323,
      0.5831704774511883,
      0.5359233448133088
    ]
  },
  "similarity_matrix": [
    [
      1.0000000000000004,
      -1.214306433183765e-17,
      2.168404344971009e-17,
      0.0189576238791403,
      0.01640227534150311,
      0.015352580007457192,
      0.011929394166706127,
      -0.02041477760211578,
      0.023082379625335853
    ],
    [
      -1.214306433183765e-17,
      1.0,
      4.053831922923301e-16,
      0.03969644388108634,
      0.03153539134796701,
      0.00459802477837146,
      -0.0035695046531387838,
      -0.019739007980113153,
      0.003606622492135365
    ],
    [
      2.168404344971009e-17,
      4.053831922923301e-16,
      1.0000000000000002,
      0.00420743188368501,
      0.02024149712714031,
      0.0006178978970339786,
      -0.013714252065886712,
      -0.0005782445366760466,
      -0.02113607302877281
    ],
    [
      0.0189576238791403,
      0.03969644388108634,
      0.00420743188368501,
      1.0,
      -2.7755575615628914e-17,
      -1.3877787807814457e-17,
      0.024015246036485922,
      0.023153766015704062,
      0.013690128870906492
    ],
    [
      0.01640227534150311,
      0.03153539134796701,
      0.02024149712714031,
      -2.7755575615628914e-17,
      1.0000000000000004,
      1.734723475976807e-17,
      -0.004082295327360995,
      -0.01093531080355836,
      -0.04502112644494345
    ],
    [
      0.015352580007457192,
      0.00459802477837146,
      0.0006178978970339786,
      -1.3877787807814457e-17,
      1.734723475976807e-17,
      1.0000000000000002,
      0.01194286356895104,
      0.026740793621108257,
      0.011616585497993603
    ],
    [
      0.011929394166706127,
      -0.0035695046531387838,
      -0.013714252065886712,
      0.024015246036485922,
      -0.004082295327360995,
      0.01194286356895104,
      1.0000000000000004,
      -7.632783294297951e-17,
      1.3877787807814457e-16
    ],
    [
      -0.02041477760211578,
      -0.019739007980113153,
      -0.0005782445366760466,
      0.023153766015704062,
      -0.01093531080355836,
      0.026740793621108257,
      -7.632783294297951e-17,
      1.0,
      6.049848122469115e-16
    ],
    [
      0.023082379625335853,
      0.003606622492135365,
      -0.02113607302877281,
      0.013690128870906492,
      -0.04502112644494345,
      0.011616585497993603,
      1.3877787807814457e-16,
      6.049848122469115e-16,
      1.0000000000000004
    ]
  ],
  "similarity_labels": [
    "Layer_0_PC_0",
    "Layer_0_PC_1",
    "Layer_0_PC_2",
    "Layer_15_PC_0",
    "Layer_15_PC_1",
    "Layer_15_PC_2",
    "Layer_31_PC_0",
    "Layer_31_PC_1",
    "Layer_31_PC_2"
  ]
}